1234
2345
3456
4567
5678
6789
7890
8901
9012
1023
1124
1225
1326
1427
1528
1629
1730
1831
1932
2033
2134
2235
2336
2437
2538
2639
2740
2841
2942
3043
3144
3245
3346
3447
3548
3649
3750
3851
3952
4053
4154
4255
4356
4457
4558
4659
4760
4861
4962
5063
5164
5265
5366
5467
5568
5669
5770
5871
5972
6073
6174
6275
6376
6477
6578
6679
6780
6881
6982
7083
7184
7285
7386
7487
7588
7689
7790
7891
7992
8093
8194
8295
8396
8497
8598
8699
8700
8801
8902
9003
9104
9205
9306
9407
9508
9609
9710
9811
9912
1001
1102
1203
1304
1405
1506
1607
1708
1809
1910
2011
2112
2213
2314
2415
2516
2617
2718
2819
2920
3021
3122
3223
3324
3425
3526
3627
3728
3829
3930
4031
4132
4233
4334
4435
4536
4637
4738
4839
4940
5041
5142
5243
5344
5445
5546
5647
5748
5849
5950
6051
6152
6253
6354
6455
6556
6657
6758
6859
6960
7061
7162
7263
7364
7465
7566
7667
7768
7869
7970
8071
8172
8273
8374
8475
8576
8677
8778
8879
8980
9081
9182
9283
9384
9485
9586
9687
9788
9889
9990
1111
2222
3333
4444
5555
6666
7777
8888
9999
1357
2468
3579
4680
5791
6802